# Camera list with one line of data per camera:
#   CAMERA_ID, MODEL, WIDTH, HEIGHT, PARAMS[]
# Number of cameras: 19
1 SIMPLE_PINHOLE 1440 1920 1404.5479235823741 720 960
2 SIMPLE_PINHOLE 1440 1920 1393.4917423413401 720 960
3 SIMPLE_PINHOLE 1440 1920 1400.8627941133334 720 960
4 SIMPLE_PINHOLE 1440 1920 1391.2969386940451 720 960
5 SIMPLE_PINHOLE 1440 1920 1399.7293074335462 720 960
6 SIMPLE_PINHOLE 1440 1920 1387.7505015780764 720 960
7 SIMPLE_PINHOLE 1440 1920 1385.5855136433552 720 960
8 SIMPLE_PINHOLE 1440 1920 1387.6492628369911 720 960
9 SIMPLE_PINHOLE 1440 1920 1394.5004129438544 720 960
10 SIMPLE_PINHOLE 1440 1920 1393.2196432061958 720 960
11 SIMPLE_PINHOLE 1440 1920 1396.365662749155 720 960
12 SIMPLE_PINHOLE 1440 1920 1396.2561075373635 720 960
13 SIMPLE_PINHOLE 1440 1920 1396.3727685828378 720 960
14 SIMPLE_PINHOLE 1440 1920 1396.1963149906408 720 960
15 SIMPLE_PINHOLE 1440 1920 1395.8229693908745 720 960
16 SIMPLE_PINHOLE 1440 1920 1394.4830136383875 720 960
17 SIMPLE_PINHOLE 1440 1920 1385.9128992808921 720 960
18 SIMPLE_PINHOLE 1440 1920 1395.152950033304 720 960
19 SIMPLE_PINHOLE 1440 1920 1374.1738293351118 720 960
